8 24
0.889011 7.62385 9.48565 0.945245 -0.323604 0.0269129 -0.0326839
0 0 0 1 0 0 0
-2 1 0 1 0 0 0
0.5 0.75 0 1 0 0 0
0.7 0 0 1 0 0 0
-0.5 0.75 0 1 0 0 0
-0.7 0 0 1 0 0 0
0.5 -0.75 0 1 0 0 0
0 -1 0 1 0 0 0
-0.5 -0.75 0 1 0 0 0
0 -1 0 1 0 0 0
0 1 0 1 0 0 0
2 1 0 1 0 0 0
0.5 0.75 0 1 0 0 0
0.7 0 0 1 0 0 0
-0.5 0.75 0 1 0 0 0
-0.7 0 0 1 0 0 0
0.5 -0.75 0 1 0 0 0
0 -1 0 1 0 0 0
-0.5 -0.75 0 1 0 0 0
0 -1 0 1 0 0 0
0 1 0 1 0 0 0
4 2 2 1 0 0 0
-3 4 -3 1 0 0 0
6.99097 9.77192 2.12767 0.771173 -0.514495 0.374945 -0.00191924
0 0 0 1 0 0 0
-2 1 0 1 0 0 0
0.5 0.75 0 1 0 0 0
0.7 0 0 1 0 0 0
-0.5 0.75 0 1 0 0 0
-0.7 0 0 1 0 0 0
0.5 -0.75 0 1 0 0 0
0 -1 0 1 0 0 0
-0.5 -0.75 0 1 0 0 0
0 -1 0 1 0 0 0
0 1 0 1 0 0 0
2 1 0 1 0 0 0
0.5 0.75 0 1 0 0 0
0.7 0 0 1 0 0 0
-0.5 0.75 0 1 0 0 0
-0.7 0 0 1 0 0 0
0.5 -0.75 0 1 0 0 0
0 -1 0 1 0 0 0
-0.5 -0.75 0 1 0 0 0
0 -1 0 1 0 0 0
0 1 0 1 0 0 0
4 2 2 1 0 0 0
-3 4 -3 1 0 0 0
8.67531 6.73859 -5.31239 0.531809 -0.603366 0.588827 -0.0800742
0 0 0 1 0 0 0
-2 1 0 1 0 0 0
0.5 0.75 0 1 0 0 0
0.7 0 0 1 0 0 0
-0.5 0.75 0 1 0 0 0
-0.7 0 0 1 0 0 0
0.5 -0.75 0 1 0 0 0
0 -1 0 1 0 0 0
-0.5 -0.75 0 1 0 0 0
0 -1 0 1 0 0 0
0 1 0 1 0 0 0
2 1 0 1 0 0 0
0.5 0.75 0 1 0 0 0
0.7 0 0 1 0 0 0
-0.5 0.75 0 1 0 0 0
-0.7 0 0 1 0 0 0
0.5 -0.75 0 1 0 0 0
0 -1 0 1 0 0 0
-0.5 -0.75 0 1 0 0 0
0 -1 0 1 0 0 0
0 1 0 1 0 0 0
4 2 2 1 0 0 0
-3 4 -3 1 0 0 0
8.6384 5.77565 -6.39617 0.484765 -0.608912 0.620194 -0.0979232
0 0 0 1 0 0 0
-2 1 0 1 0 0 0
0.5 0.75 0 1 0 0 0
0.7 0 0 1 0 0 0
-0.5 0.75 0 1 0 0 0
-0.7 0 0 1 0 0 0
0.5 -0.75 0 1 0 0 0
0 -1 0 1 0 0 0
-0.5 -0.75 0 1 0 0 0
0 -1 0 1 0 0 0
0 1 0 1 0 0 0
2 1 0 1 0 0 0
0.5 0.75 0 1 0 0 0
0.7 0 0 1 0 0 0
-0.5 0.75 0 1 0 0 0
-0.7 0 0 1 0 0 0
0.5 -0.75 0 1 0 0 0
0 -1 0 1 0 0 0
-0.5 -0.75 0 1 0 0 0
0 -1 0 1 0 0 0
0 1 0 1 0 0 0
4 2 2 1 0 0 0
-3 4 -3 1 0 0 0
3.07588 -1.79279 -11.6712 0.057835 -0.623884 0.765711 -0.145293
0 0 0 1 0 0 0
-2 1 0 1 0 0 0
0.5 0.75 0 1 0 0 0
0.7 0 0 1 0 0 0
-0.5 0.75 0 1 0 0 0
-0.7 0 0 1 0 0 0
0.5 -0.75 0 1 0 0 0
0 -1 0 1 0 0 0
-0.5 -0.75 0 1 0 0 0
0 -1 0 1 0 0 0
0 1 0 1 0 0 0
2 1 0 1 0 0 0
0.5 0.75 0 1 0 0 0
0.7 0 0 1 0 0 0
-0.5 0.75 0 1 0 0 0
-0.7 0 0 1 0 0 0
0.5 -0.75 0 1 0 0 0
0 -1 0 1 0 0 0
-0.5 -0.75 0 1 0 0 0
0 -1 0 1 0 0 0
0 1 0 1 0 0 0
4 2 2 1 0 0 0
-3 4 -3 1 0 0 0
-11.1104 -1.95853 -4.64918 -0.524775 -0.397537 0.734004 0.166774
0 0 0 1 0 0 0
-2 1 0 1 0 0 0
0.5 0.75 0 1 0 0 0
0.7 0 0 1 0 0 0
-0.5 0.75 0 1 0 0 0
-0.7 0 0 1 0 0 0
0.5 -0.75 0 1 0 0 0
0 -1 0 1 0 0 0
-0.5 -0.75 0 1 0 0 0
0 -1 0 1 0 0 0
0 1 0 1 0 0 0
2 1 0 1 0 0 0
0.5 0.75 0 1 0 0 0
0.7 0 0 1 0 0 0
-0.5 0.75 0 1 0 0 0
-0.7 0 0 1 0 0 0
0.5 -0.75 0 1 0 0 0
0 -1 0 1 0 0 0
-0.5 -0.75 0 1 0 0 0
0 -1 0 1 0 0 0
0 1 0 1 0 0 0
4 2 2 1 0 0 0
-3 4 -3 1 0 0 0
-12.1118 1.47142 -0.175481 -0.623199 -0.250236 0.671927 0.312279
0 0 0 1 0 0 0
-2 1 0 1 0 0 0
0.5 0.75 0 1 0 0 0
0.7 0 0 1 0 0 0
-0.5 0.75 0 1 0 0 0
-0.7 0 0 1 0 0 0
0.5 -0.75 0 1 0 0 0
0 -1 0 1 0 0 0
-0.5 -0.75 0 1 0 0 0
0 -1 0 1 0 0 0
0 1 0 1 0 0 0
2 1 0 1 0 0 0
0.5 0.75 0 1 0 0 0
0.7 0 0 1 0 0 0
-0.5 0.75 0 1 0 0 0
-0.7 0 0 1 0 0 0
0.5 -0.75 0 1 0 0 0
0 -1 0 1 0 0 0
-0.5 -0.75 0 1 0 0 0
0 -1 0 1 0 0 0
0 1 0 1 0 0 0
4 2 2 1 0 0 0
-3 4 -3 1 0 0 0
-9.98723 4.44194 5.42361 -0.707694 -0.0940159 0.524154 0.46432
0 0 0 1 0 0 0
-2 1 0 1 0 0 0
0.5 0.75 0 1 0 0 0
0.7 0 0 1 0 0 0
-0.5 0.75 0 1 0 0 0
-0.7 0 0 1 0 0 0
0.5 -0.75 0 1 0 0 0
0 -1 0 1 0 0 0
-0.5 -0.75 0 1 0 0 0
0 -1 0 1 0 0 0
0 1 0 1 0 0 0
2 1 0 1 0 0 0
0.5 0.75 0 1 0 0 0
0.7 0 0 1 0 0 0
-0.5 0.75 0 1 0 0 0
-0.7 0 0 1 0 0 0
0.5 -0.75 0 1 0 0 0
0 -1 0 1 0 0 0
-0.5 -0.75 0 1 0 0 0
0 -1 0 1 0 0 0
0 1 0 1 0 0 0
4 2 2 1 0 0 0
-3 4 -3 1 0 0 0
